model_name,relation_pair_id,layer_idx,relation_transfer_pct,overwrite_pct,failure_pct,n
Qwen/Qwen2.5-3B,cap_recv__lang_donor,0,0.0,0.030303030303030304,0.9696969696969697,33
Qwen/Qwen2.5-3B,cap_recv__lang_donor,2,0.0,0.030303030303030304,0.9696969696969697,33
Qwen/Qwen2.5-3B,cap_recv__lang_donor,4,0.0,0.0,1.0,33
Qwen/Qwen2.5-3B,cap_recv__lang_donor,6,0.0,0.06060606060606061,0.9393939393939394,33
Qwen/Qwen2.5-3B,cap_recv__lang_donor,8,0.030303030303030304,0.12121212121212122,0.8484848484848485,33
Qwen/Qwen2.5-3B,cap_recv__lang_donor,10,0.8787878787878788,0.030303030303030304,0.09090909090909091,33
Qwen/Qwen2.5-3B,cap_recv__lang_donor,12,1.0,0.0,0.0,33
Qwen/Qwen2.5-3B,cap_recv__lang_donor,14,1.0,0.0,0.0,33
Qwen/Qwen2.5-3B,cap_recv__lang_donor,16,1.0,0.0,0.0,33
Qwen/Qwen2.5-3B,cap_recv__lang_donor,18,1.0,0.0,0.0,33
Qwen/Qwen2.5-3B,cap_recv__lang_donor,20,1.0,0.0,0.0,33
Qwen/Qwen2.5-3B,cap_recv__lang_donor,22,1.0,0.0,0.0,33
Qwen/Qwen2.5-3B,cap_recv__lang_donor,24,0.9696969696969697,0.030303030303030304,0.0,33
Qwen/Qwen2.5-3B,cap_recv__lang_donor,26,0.9696969696969697,0.030303030303030304,0.0,33
Qwen/Qwen2.5-3B,cap_recv__lang_donor,28,0.9696969696969697,0.030303030303030304,0.0,33
Qwen/Qwen2.5-3B,cap_recv__lang_donor,30,0.8484848484848485,0.15151515151515152,0.0,33
Qwen/Qwen2.5-3B,cap_recv__lang_donor,32,0.8484848484848485,0.15151515151515152,0.0,33
Qwen/Qwen2.5-3B,cap_recv__lang_donor,34,0.8484848484848485,0.15151515151515152,0.0,33
Qwen/Qwen2.5-3B,comp_recv__opp_donor,0,0.0,0.08333333333333333,0.9166666666666666,12
Qwen/Qwen2.5-3B,comp_recv__opp_donor,2,0.0,0.0,1.0,12
Qwen/Qwen2.5-3B,comp_recv__opp_donor,4,0.0,0.08333333333333333,0.9166666666666666,12
Qwen/Qwen2.5-3B,comp_recv__opp_donor,6,0.0,0.0,1.0,12
Qwen/Qwen2.5-3B,comp_recv__opp_donor,8,0.0,0.0,1.0,12
Qwen/Qwen2.5-3B,comp_recv__opp_donor,10,0.0,0.0,1.0,12
Qwen/Qwen2.5-3B,comp_recv__opp_donor,12,0.08333333333333333,0.4166666666666667,0.5,12
Qwen/Qwen2.5-3B,comp_recv__opp_donor,14,0.16666666666666666,0.5833333333333334,0.25,12
Qwen/Qwen2.5-3B,comp_recv__opp_donor,16,0.5833333333333334,0.4166666666666667,0.0,12
Qwen/Qwen2.5-3B,comp_recv__opp_donor,18,0.75,0.25,0.0,12
Qwen/Qwen2.5-3B,comp_recv__opp_donor,20,0.9166666666666666,0.08333333333333333,0.0,12
Qwen/Qwen2.5-3B,comp_recv__opp_donor,22,0.9166666666666666,0.08333333333333333,0.0,12
Qwen/Qwen2.5-3B,comp_recv__opp_donor,24,0.9166666666666666,0.08333333333333333,0.0,12
Qwen/Qwen2.5-3B,comp_recv__opp_donor,26,0.9166666666666666,0.08333333333333333,0.0,12
Qwen/Qwen2.5-3B,comp_recv__opp_donor,28,0.9166666666666666,0.08333333333333333,0.0,12
Qwen/Qwen2.5-3B,comp_recv__opp_donor,30,0.9166666666666666,0.08333333333333333,0.0,12
Qwen/Qwen2.5-3B,comp_recv__opp_donor,32,0.9166666666666666,0.08333333333333333,0.0,12
Qwen/Qwen2.5-3B,comp_recv__opp_donor,34,0.9166666666666666,0.08333333333333333,0.0,12
Qwen/Qwen2.5-3B,lang_recv__cap_donor,0,0.0,0.0,1.0,33
Qwen/Qwen2.5-3B,lang_recv__cap_donor,2,0.0,0.0,1.0,33
Qwen/Qwen2.5-3B,lang_recv__cap_donor,4,0.0,0.0,1.0,33
Qwen/Qwen2.5-3B,lang_recv__cap_donor,6,0.0,0.09090909090909091,0.9090909090909091,33
Qwen/Qwen2.5-3B,lang_recv__cap_donor,8,0.0,0.2727272727272727,0.7272727272727273,33
Qwen/Qwen2.5-3B,lang_recv__cap_donor,10,0.030303030303030304,0.48484848484848486,0.48484848484848486,33
Qwen/Qwen2.5-3B,lang_recv__cap_donor,12,0.12121212121212122,0.696969696969697,0.18181818181818182,33
Qwen/Qwen2.5-3B,lang_recv__cap_donor,14,0.6666666666666666,0.30303030303030304,0.030303030303030304,33
Qwen/Qwen2.5-3B,lang_recv__cap_donor,16,0.8484848484848485,0.15151515151515152,0.0,33
Qwen/Qwen2.5-3B,lang_recv__cap_donor,18,0.8484848484848485,0.15151515151515152,0.0,33
Qwen/Qwen2.5-3B,lang_recv__cap_donor,20,0.8181818181818182,0.18181818181818182,0.0,33
Qwen/Qwen2.5-3B,lang_recv__cap_donor,22,0.8181818181818182,0.18181818181818182,0.0,33
Qwen/Qwen2.5-3B,lang_recv__cap_donor,24,0.8787878787878788,0.12121212121212122,0.0,33
Qwen/Qwen2.5-3B,lang_recv__cap_donor,26,0.8787878787878788,0.12121212121212122,0.0,33
Qwen/Qwen2.5-3B,lang_recv__cap_donor,28,0.8787878787878788,0.12121212121212122,0.0,33
Qwen/Qwen2.5-3B,lang_recv__cap_donor,30,0.8484848484848485,0.15151515151515152,0.0,33
Qwen/Qwen2.5-3B,lang_recv__cap_donor,32,0.8181818181818182,0.18181818181818182,0.0,33
Qwen/Qwen2.5-3B,lang_recv__cap_donor,34,0.8787878787878788,0.12121212121212122,0.0,33
Qwen/Qwen2.5-3B,opp_recv__comp_donor,0,0.0,0.0,1.0,12
Qwen/Qwen2.5-3B,opp_recv__comp_donor,2,0.0,0.0,1.0,12
Qwen/Qwen2.5-3B,opp_recv__comp_donor,4,0.0,0.08333333333333333,0.9166666666666666,12
Qwen/Qwen2.5-3B,opp_recv__comp_donor,6,0.0,0.0,1.0,12
Qwen/Qwen2.5-3B,opp_recv__comp_donor,8,0.0,0.0,1.0,12
Qwen/Qwen2.5-3B,opp_recv__comp_donor,10,0.0,0.16666666666666666,0.8333333333333334,12
Qwen/Qwen2.5-3B,opp_recv__comp_donor,12,0.0,0.16666666666666666,0.8333333333333334,12
Qwen/Qwen2.5-3B,opp_recv__comp_donor,14,0.0,0.16666666666666666,0.8333333333333334,12
Qwen/Qwen2.5-3B,opp_recv__comp_donor,16,0.0,0.25,0.75,12
Qwen/Qwen2.5-3B,opp_recv__comp_donor,18,0.0,0.4166666666666667,0.5833333333333334,12
Qwen/Qwen2.5-3B,opp_recv__comp_donor,20,0.0,0.4166666666666667,0.5833333333333334,12
Qwen/Qwen2.5-3B,opp_recv__comp_donor,22,0.0,0.5,0.5,12
Qwen/Qwen2.5-3B,opp_recv__comp_donor,24,0.0,0.75,0.25,12
Qwen/Qwen2.5-3B,opp_recv__comp_donor,26,0.3333333333333333,0.6666666666666666,0.0,12
Qwen/Qwen2.5-3B,opp_recv__comp_donor,28,0.9166666666666666,0.08333333333333333,0.0,12
Qwen/Qwen2.5-3B,opp_recv__comp_donor,30,0.8333333333333334,0.16666666666666666,0.0,12
Qwen/Qwen2.5-3B,opp_recv__comp_donor,32,1.0,0.0,0.0,12
Qwen/Qwen2.5-3B,opp_recv__comp_donor,34,1.0,0.0,0.0,12
Qwen/Qwen2.5-3B,part_recv__past_donor,0,0.0,0.0,1.0,21
Qwen/Qwen2.5-3B,part_recv__past_donor,2,0.0,0.047619047619047616,0.9523809523809523,21
Qwen/Qwen2.5-3B,part_recv__past_donor,4,0.0,0.047619047619047616,0.9523809523809523,21
Qwen/Qwen2.5-3B,part_recv__past_donor,6,0.0,0.0,1.0,21
Qwen/Qwen2.5-3B,part_recv__past_donor,8,0.0,0.0,1.0,21
Qwen/Qwen2.5-3B,part_recv__past_donor,10,0.0,0.0,1.0,21
Qwen/Qwen2.5-3B,part_recv__past_donor,12,0.0,0.0,1.0,21
Qwen/Qwen2.5-3B,part_recv__past_donor,14,0.0,0.0,1.0,21
Qwen/Qwen2.5-3B,part_recv__past_donor,16,0.0,0.19047619047619047,0.8095238095238095,21
Qwen/Qwen2.5-3B,part_recv__past_donor,18,0.0,0.3333333333333333,0.6666666666666666,21
Qwen/Qwen2.5-3B,part_recv__past_donor,20,0.0,0.14285714285714285,0.8571428571428571,21
Qwen/Qwen2.5-3B,part_recv__past_donor,22,0.7142857142857143,0.19047619047619047,0.09523809523809523,21
Qwen/Qwen2.5-3B,part_recv__past_donor,24,0.6190476190476191,0.3333333333333333,0.047619047619047616,21
Qwen/Qwen2.5-3B,part_recv__past_donor,26,0.8095238095238095,0.19047619047619047,0.0,21
Qwen/Qwen2.5-3B,part_recv__past_donor,28,0.9523809523809523,0.047619047619047616,0.0,21
Qwen/Qwen2.5-3B,part_recv__past_donor,30,0.9523809523809523,0.047619047619047616,0.0,21
Qwen/Qwen2.5-3B,part_recv__past_donor,32,0.9047619047619048,0.09523809523809523,0.0,21
Qwen/Qwen2.5-3B,part_recv__past_donor,34,0.9523809523809523,0.047619047619047616,0.0,21
Qwen/Qwen2.5-3B,past_recv__part_donor,0,0.0,0.0,1.0,21
Qwen/Qwen2.5-3B,past_recv__part_donor,2,0.0,0.047619047619047616,0.9523809523809523,21
Qwen/Qwen2.5-3B,past_recv__part_donor,4,0.0,0.19047619047619047,0.8095238095238095,21
Qwen/Qwen2.5-3B,past_recv__part_donor,6,0.0,0.09523809523809523,0.9047619047619048,21
Qwen/Qwen2.5-3B,past_recv__part_donor,8,0.0,0.23809523809523808,0.7619047619047619,21
Qwen/Qwen2.5-3B,past_recv__part_donor,10,0.0,0.38095238095238093,0.6190476190476191,21
Qwen/Qwen2.5-3B,past_recv__part_donor,12,0.0,0.6190476190476191,0.38095238095238093,21
Qwen/Qwen2.5-3B,past_recv__part_donor,14,0.0,0.5238095238095238,0.47619047619047616,21
Qwen/Qwen2.5-3B,past_recv__part_donor,16,0.0,0.7619047619047619,0.23809523809523808,21
Qwen/Qwen2.5-3B,past_recv__part_donor,18,0.0,0.8095238095238095,0.19047619047619047,21
Qwen/Qwen2.5-3B,past_recv__part_donor,20,0.0,0.7142857142857143,0.2857142857142857,21
Qwen/Qwen2.5-3B,past_recv__part_donor,22,0.19047619047619047,0.38095238095238093,0.42857142857142855,21
Qwen/Qwen2.5-3B,past_recv__part_donor,24,0.2857142857142857,0.38095238095238093,0.3333333333333333,21
Qwen/Qwen2.5-3B,past_recv__part_donor,26,0.42857142857142855,0.38095238095238093,0.19047619047619047,21
Qwen/Qwen2.5-3B,past_recv__part_donor,28,1.0,0.0,0.0,21
Qwen/Qwen2.5-3B,past_recv__part_donor,30,1.0,0.0,0.0,21
Qwen/Qwen2.5-3B,past_recv__part_donor,32,1.0,0.0,0.0,21
Qwen/Qwen2.5-3B,past_recv__part_donor,34,1.0,0.0,0.0,21
meta-llama/Llama-3.2-3B,cap_recv__lang_donor,0,0.0,0.0,1.0,33
meta-llama/Llama-3.2-3B,cap_recv__lang_donor,2,0.0,0.0,1.0,33
meta-llama/Llama-3.2-3B,cap_recv__lang_donor,4,0.3333333333333333,0.0,0.6666666666666666,33
meta-llama/Llama-3.2-3B,cap_recv__lang_donor,6,0.9393939393939394,0.06060606060606061,0.0,33
meta-llama/Llama-3.2-3B,cap_recv__lang_donor,8,0.9393939393939394,0.06060606060606061,0.0,33
meta-llama/Llama-3.2-3B,cap_recv__lang_donor,10,0.9393939393939394,0.06060606060606061,0.0,33
meta-llama/Llama-3.2-3B,cap_recv__lang_donor,12,1.0,0.0,0.0,33
meta-llama/Llama-3.2-3B,cap_recv__lang_donor,14,1.0,0.0,0.0,33
meta-llama/Llama-3.2-3B,cap_recv__lang_donor,16,0.9696969696969697,0.030303030303030304,0.0,33
meta-llama/Llama-3.2-3B,cap_recv__lang_donor,18,0.9393939393939394,0.06060606060606061,0.0,33
meta-llama/Llama-3.2-3B,cap_recv__lang_donor,20,0.696969696969697,0.30303030303030304,0.0,33
meta-llama/Llama-3.2-3B,cap_recv__lang_donor,22,0.696969696969697,0.30303030303030304,0.0,33
meta-llama/Llama-3.2-3B,cap_recv__lang_donor,24,0.696969696969697,0.30303030303030304,0.0,33
meta-llama/Llama-3.2-3B,cap_recv__lang_donor,26,0.6666666666666666,0.3333333333333333,0.0,33
meta-llama/Llama-3.2-3B,comp_recv__opp_donor,0,0.0,0.0,1.0,12
meta-llama/Llama-3.2-3B,comp_recv__opp_donor,2,0.0,0.0,1.0,12
meta-llama/Llama-3.2-3B,comp_recv__opp_donor,4,0.5,0.3333333333333333,0.16666666666666666,12
meta-llama/Llama-3.2-3B,comp_recv__opp_donor,6,0.9166666666666666,0.08333333333333333,0.0,12
meta-llama/Llama-3.2-3B,comp_recv__opp_donor,8,1.0,0.0,0.0,12
meta-llama/Llama-3.2-3B,comp_recv__opp_donor,10,1.0,0.0,0.0,12
meta-llama/Llama-3.2-3B,comp_recv__opp_donor,12,1.0,0.0,0.0,12
meta-llama/Llama-3.2-3B,comp_recv__opp_donor,14,1.0,0.0,0.0,12
meta-llama/Llama-3.2-3B,comp_recv__opp_donor,16,1.0,0.0,0.0,12
meta-llama/Llama-3.2-3B,comp_recv__opp_donor,18,1.0,0.0,0.0,12
meta-llama/Llama-3.2-3B,comp_recv__opp_donor,20,1.0,0.0,0.0,12
meta-llama/Llama-3.2-3B,comp_recv__opp_donor,22,1.0,0.0,0.0,12
meta-llama/Llama-3.2-3B,comp_recv__opp_donor,24,1.0,0.0,0.0,12
meta-llama/Llama-3.2-3B,comp_recv__opp_donor,26,0.9166666666666666,0.08333333333333333,0.0,12
meta-llama/Llama-3.2-3B,lang_recv__cap_donor,0,0.0,0.030303030303030304,0.9696969696969697,33
meta-llama/Llama-3.2-3B,lang_recv__cap_donor,2,0.0,0.030303030303030304,0.9696969696969697,33
meta-llama/Llama-3.2-3B,lang_recv__cap_donor,4,0.0,0.21212121212121213,0.7878787878787878,33
meta-llama/Llama-3.2-3B,lang_recv__cap_donor,6,0.8787878787878788,0.06060606060606061,0.06060606060606061,33
meta-llama/Llama-3.2-3B,lang_recv__cap_donor,8,0.9393939393939394,0.06060606060606061,0.0,33
meta-llama/Llama-3.2-3B,lang_recv__cap_donor,10,0.8787878787878788,0.09090909090909091,0.030303030303030304,33
meta-llama/Llama-3.2-3B,lang_recv__cap_donor,12,0.8787878787878788,0.12121212121212122,0.0,33
meta-llama/Llama-3.2-3B,lang_recv__cap_donor,14,0.9090909090909091,0.09090909090909091,0.0,33
meta-llama/Llama-3.2-3B,lang_recv__cap_donor,16,0.8787878787878788,0.12121212121212122,0.0,33
meta-llama/Llama-3.2-3B,lang_recv__cap_donor,18,0.8787878787878788,0.12121212121212122,0.0,33
meta-llama/Llama-3.2-3B,lang_recv__cap_donor,20,0.9090909090909091,0.09090909090909091,0.0,33
meta-llama/Llama-3.2-3B,lang_recv__cap_donor,22,0.9090909090909091,0.09090909090909091,0.0,33
meta-llama/Llama-3.2-3B,lang_recv__cap_donor,24,0.9090909090909091,0.09090909090909091,0.0,33
meta-llama/Llama-3.2-3B,lang_recv__cap_donor,26,0.9090909090909091,0.09090909090909091,0.0,33
meta-llama/Llama-3.2-3B,opp_recv__comp_donor,0,0.0,0.0,1.0,12
meta-llama/Llama-3.2-3B,opp_recv__comp_donor,2,0.0,0.0,1.0,12
meta-llama/Llama-3.2-3B,opp_recv__comp_donor,4,0.0,0.08333333333333333,0.9166666666666666,12
meta-llama/Llama-3.2-3B,opp_recv__comp_donor,6,0.0,0.08333333333333333,0.9166666666666666,12
meta-llama/Llama-3.2-3B,opp_recv__comp_donor,8,0.0,0.16666666666666666,0.8333333333333334,12
meta-llama/Llama-3.2-3B,opp_recv__comp_donor,10,0.0,0.16666666666666666,0.8333333333333334,12
meta-llama/Llama-3.2-3B,opp_recv__comp_donor,12,0.0,0.5,0.5,12
meta-llama/Llama-3.2-3B,opp_recv__comp_donor,14,0.08333333333333333,0.9166666666666666,0.0,12
meta-llama/Llama-3.2-3B,opp_recv__comp_donor,16,1.0,0.0,0.0,12
meta-llama/Llama-3.2-3B,opp_recv__comp_donor,18,1.0,0.0,0.0,12
meta-llama/Llama-3.2-3B,opp_recv__comp_donor,20,1.0,0.0,0.0,12
meta-llama/Llama-3.2-3B,opp_recv__comp_donor,22,1.0,0.0,0.0,12
meta-llama/Llama-3.2-3B,opp_recv__comp_donor,24,0.9166666666666666,0.08333333333333333,0.0,12
meta-llama/Llama-3.2-3B,opp_recv__comp_donor,26,1.0,0.0,0.0,12
meta-llama/Llama-3.2-3B,part_recv__past_donor,0,0.0,0.0,1.0,21
meta-llama/Llama-3.2-3B,part_recv__past_donor,2,0.0,0.047619047619047616,0.9523809523809523,21
meta-llama/Llama-3.2-3B,part_recv__past_donor,4,0.0,0.047619047619047616,0.9523809523809523,21
meta-llama/Llama-3.2-3B,part_recv__past_donor,6,0.0,0.23809523809523808,0.7619047619047619,21
meta-llama/Llama-3.2-3B,part_recv__past_donor,8,0.0,0.23809523809523808,0.7619047619047619,21
meta-llama/Llama-3.2-3B,part_recv__past_donor,10,0.0,0.2857142857142857,0.7142857142857143,21
meta-llama/Llama-3.2-3B,part_recv__past_donor,12,0.0,0.047619047619047616,0.9523809523809523,21
meta-llama/Llama-3.2-3B,part_recv__past_donor,14,1.0,0.0,0.0,21
meta-llama/Llama-3.2-3B,part_recv__past_donor,16,1.0,0.0,0.0,21
meta-llama/Llama-3.2-3B,part_recv__past_donor,18,1.0,0.0,0.0,21
meta-llama/Llama-3.2-3B,part_recv__past_donor,20,1.0,0.0,0.0,21
meta-llama/Llama-3.2-3B,part_recv__past_donor,22,1.0,0.0,0.0,21
meta-llama/Llama-3.2-3B,part_recv__past_donor,24,1.0,0.0,0.0,21
meta-llama/Llama-3.2-3B,part_recv__past_donor,26,1.0,0.0,0.0,21
meta-llama/Llama-3.2-3B,past_recv__part_donor,0,0.0,0.0,1.0,21
meta-llama/Llama-3.2-3B,past_recv__part_donor,2,0.0,0.09523809523809523,0.9047619047619048,21
meta-llama/Llama-3.2-3B,past_recv__part_donor,4,0.0,0.14285714285714285,0.8571428571428571,21
meta-llama/Llama-3.2-3B,past_recv__part_donor,6,0.0,0.09523809523809523,0.9047619047619048,21
meta-llama/Llama-3.2-3B,past_recv__part_donor,8,0.0,0.047619047619047616,0.9523809523809523,21
meta-llama/Llama-3.2-3B,past_recv__part_donor,10,0.0,0.14285714285714285,0.8571428571428571,21
meta-llama/Llama-3.2-3B,past_recv__part_donor,12,0.0,0.09523809523809523,0.9047619047619048,21
meta-llama/Llama-3.2-3B,past_recv__part_donor,14,1.0,0.0,0.0,21
meta-llama/Llama-3.2-3B,past_recv__part_donor,16,1.0,0.0,0.0,21
meta-llama/Llama-3.2-3B,past_recv__part_donor,18,1.0,0.0,0.0,21
meta-llama/Llama-3.2-3B,past_recv__part_donor,20,1.0,0.0,0.0,21
meta-llama/Llama-3.2-3B,past_recv__part_donor,22,1.0,0.0,0.0,21
meta-llama/Llama-3.2-3B,past_recv__part_donor,24,1.0,0.0,0.0,21
meta-llama/Llama-3.2-3B,past_recv__part_donor,26,1.0,0.0,0.0,21
meta-llama/Meta-Llama-3-8B,cap_recv__lang_donor,0,0.0,0.0,1.0,33
meta-llama/Meta-Llama-3-8B,cap_recv__lang_donor,2,0.0,0.030303030303030304,0.9696969696969697,33
meta-llama/Meta-Llama-3-8B,cap_recv__lang_donor,4,0.8484848484848485,0.030303030303030304,0.12121212121212122,33
meta-llama/Meta-Llama-3-8B,cap_recv__lang_donor,6,1.0,0.0,0.0,33
meta-llama/Meta-Llama-3-8B,cap_recv__lang_donor,8,1.0,0.0,0.0,33
meta-llama/Meta-Llama-3-8B,cap_recv__lang_donor,10,1.0,0.0,0.0,33
meta-llama/Meta-Llama-3-8B,cap_recv__lang_donor,12,1.0,0.0,0.0,33
meta-llama/Meta-Llama-3-8B,cap_recv__lang_donor,14,1.0,0.0,0.0,33
meta-llama/Meta-Llama-3-8B,cap_recv__lang_donor,16,0.9696969696969697,0.030303030303030304,0.0,33
meta-llama/Meta-Llama-3-8B,cap_recv__lang_donor,18,0.9696969696969697,0.030303030303030304,0.0,33
meta-llama/Meta-Llama-3-8B,cap_recv__lang_donor,20,0.9696969696969697,0.030303030303030304,0.0,33
meta-llama/Meta-Llama-3-8B,cap_recv__lang_donor,22,0.9090909090909091,0.09090909090909091,0.0,33
meta-llama/Meta-Llama-3-8B,cap_recv__lang_donor,24,0.9090909090909091,0.09090909090909091,0.0,33
meta-llama/Meta-Llama-3-8B,cap_recv__lang_donor,26,0.8484848484848485,0.15151515151515152,0.0,33
meta-llama/Meta-Llama-3-8B,cap_recv__lang_donor,28,0.8181818181818182,0.18181818181818182,0.0,33
meta-llama/Meta-Llama-3-8B,cap_recv__lang_donor,30,0.7878787878787878,0.21212121212121213,0.0,33
meta-llama/Meta-Llama-3-8B,comp_recv__opp_donor,0,0.0,0.0,1.0,12
meta-llama/Meta-Llama-3-8B,comp_recv__opp_donor,2,0.0,0.08333333333333333,0.9166666666666666,12
meta-llama/Meta-Llama-3-8B,comp_recv__opp_donor,4,0.4166666666666667,0.08333333333333333,0.5,12
meta-llama/Meta-Llama-3-8B,comp_recv__opp_donor,6,0.8333333333333334,0.08333333333333333,0.08333333333333333,12
meta-llama/Meta-Llama-3-8B,comp_recv__opp_donor,8,0.9166666666666666,0.08333333333333333,0.0,12
meta-llama/Meta-Llama-3-8B,comp_recv__opp_donor,10,0.9166666666666666,0.08333333333333333,0.0,12
meta-llama/Meta-Llama-3-8B,comp_recv__opp_donor,12,1.0,0.0,0.0,12
meta-llama/Meta-Llama-3-8B,comp_recv__opp_donor,14,1.0,0.0,0.0,12
meta-llama/Meta-Llama-3-8B,comp_recv__opp_donor,16,1.0,0.0,0.0,12
meta-llama/Meta-Llama-3-8B,comp_recv__opp_donor,18,1.0,0.0,0.0,12
meta-llama/Meta-Llama-3-8B,comp_recv__opp_donor,20,1.0,0.0,0.0,12
meta-llama/Meta-Llama-3-8B,comp_recv__opp_donor,22,1.0,0.0,0.0,12
meta-llama/Meta-Llama-3-8B,comp_recv__opp_donor,24,1.0,0.0,0.0,12
meta-llama/Meta-Llama-3-8B,comp_recv__opp_donor,26,1.0,0.0,0.0,12
meta-llama/Meta-Llama-3-8B,comp_recv__opp_donor,28,1.0,0.0,0.0,12
meta-llama/Meta-Llama-3-8B,comp_recv__opp_donor,30,1.0,0.0,0.0,12
meta-llama/Meta-Llama-3-8B,lang_recv__cap_donor,0,0.0,0.0,1.0,33
meta-llama/Meta-Llama-3-8B,lang_recv__cap_donor,2,0.0,0.030303030303030304,0.9696969696969697,33
meta-llama/Meta-Llama-3-8B,lang_recv__cap_donor,4,0.0,0.06060606060606061,0.9393939393939394,33
meta-llama/Meta-Llama-3-8B,lang_recv__cap_donor,6,0.030303030303030304,0.09090909090909091,0.8787878787878788,33
meta-llama/Meta-Llama-3-8B,lang_recv__cap_donor,8,0.3939393939393939,0.030303030303030304,0.5757575757575758,33
meta-llama/Meta-Llama-3-8B,lang_recv__cap_donor,10,0.6060606060606061,0.030303030303030304,0.36363636363636365,33
meta-llama/Meta-Llama-3-8B,lang_recv__cap_donor,12,0.8484848484848485,0.06060606060606061,0.09090909090909091,33
meta-llama/Meta-Llama-3-8B,lang_recv__cap_donor,14,0.9393939393939394,0.06060606060606061,0.0,33
meta-llama/Meta-Llama-3-8B,lang_recv__cap_donor,16,0.9393939393939394,0.06060606060606061,0.0,33
meta-llama/Meta-Llama-3-8B,lang_recv__cap_donor,18,0.9393939393939394,0.06060606060606061,0.0,33
meta-llama/Meta-Llama-3-8B,lang_recv__cap_donor,20,0.9393939393939394,0.06060606060606061,0.0,33
meta-llama/Meta-Llama-3-8B,lang_recv__cap_donor,22,0.8787878787878788,0.12121212121212122,0.0,33
meta-llama/Meta-Llama-3-8B,lang_recv__cap_donor,24,0.8787878787878788,0.12121212121212122,0.0,33
meta-llama/Meta-Llama-3-8B,lang_recv__cap_donor,26,0.8484848484848485,0.15151515151515152,0.0,33
meta-llama/Meta-Llama-3-8B,lang_recv__cap_donor,28,0.8484848484848485,0.15151515151515152,0.0,33
meta-llama/Meta-Llama-3-8B,lang_recv__cap_donor,30,0.8484848484848485,0.15151515151515152,0.0,33
meta-llama/Meta-Llama-3-8B,opp_recv__comp_donor,0,0.0,0.0,1.0,12
meta-llama/Meta-Llama-3-8B,opp_recv__comp_donor,2,0.0,0.0,1.0,12
meta-llama/Meta-Llama-3-8B,opp_recv__comp_donor,4,0.0,0.0,1.0,12
meta-llama/Meta-Llama-3-8B,opp_recv__comp_donor,6,0.0,0.0,1.0,12
meta-llama/Meta-Llama-3-8B,opp_recv__comp_donor,8,0.0,0.08333333333333333,0.9166666666666666,12
meta-llama/Meta-Llama-3-8B,opp_recv__comp_donor,10,0.0,0.08333333333333333,0.9166666666666666,12
meta-llama/Meta-Llama-3-8B,opp_recv__comp_donor,12,0.0,0.08333333333333333,0.9166666666666666,12
meta-llama/Meta-Llama-3-8B,opp_recv__comp_donor,14,0.8333333333333334,0.16666666666666666,0.0,12
meta-llama/Meta-Llama-3-8B,opp_recv__comp_donor,16,1.0,0.0,0.0,12
meta-llama/Meta-Llama-3-8B,opp_recv__comp_donor,18,1.0,0.0,0.0,12
meta-llama/Meta-Llama-3-8B,opp_recv__comp_donor,20,1.0,0.0,0.0,12
meta-llama/Meta-Llama-3-8B,opp_recv__comp_donor,22,1.0,0.0,0.0,12
meta-llama/Meta-Llama-3-8B,opp_recv__comp_donor,24,1.0,0.0,0.0,12
meta-llama/Meta-Llama-3-8B,opp_recv__comp_donor,26,1.0,0.0,0.0,12
meta-llama/Meta-Llama-3-8B,opp_recv__comp_donor,28,1.0,0.0,0.0,12
meta-llama/Meta-Llama-3-8B,opp_recv__comp_donor,30,1.0,0.0,0.0,12
meta-llama/Meta-Llama-3-8B,part_recv__past_donor,0,0.0,0.0,1.0,21
meta-llama/Meta-Llama-3-8B,part_recv__past_donor,2,0.0,0.0,1.0,21
meta-llama/Meta-Llama-3-8B,part_recv__past_donor,4,0.0,0.047619047619047616,0.9523809523809523,21
meta-llama/Meta-Llama-3-8B,part_recv__past_donor,6,0.0,0.0,1.0,21
meta-llama/Meta-Llama-3-8B,part_recv__past_donor,8,0.0,0.0,1.0,21
meta-llama/Meta-Llama-3-8B,part_recv__past_donor,10,0.0,0.047619047619047616,0.9523809523809523,21
meta-llama/Meta-Llama-3-8B,part_recv__past_donor,12,0.0,0.047619047619047616,0.9523809523809523,21
meta-llama/Meta-Llama-3-8B,part_recv__past_donor,14,1.0,0.0,0.0,21
meta-llama/Meta-Llama-3-8B,part_recv__past_donor,16,1.0,0.0,0.0,21
meta-llama/Meta-Llama-3-8B,part_recv__past_donor,18,1.0,0.0,0.0,21
meta-llama/Meta-Llama-3-8B,part_recv__past_donor,20,1.0,0.0,0.0,21
meta-llama/Meta-Llama-3-8B,part_recv__past_donor,22,1.0,0.0,0.0,21
meta-llama/Meta-Llama-3-8B,part_recv__past_donor,24,1.0,0.0,0.0,21
meta-llama/Meta-Llama-3-8B,part_recv__past_donor,26,1.0,0.0,0.0,21
meta-llama/Meta-Llama-3-8B,part_recv__past_donor,28,1.0,0.0,0.0,21
meta-llama/Meta-Llama-3-8B,part_recv__past_donor,30,1.0,0.0,0.0,21
meta-llama/Meta-Llama-3-8B,past_recv__part_donor,0,0.0,0.0,1.0,21
meta-llama/Meta-Llama-3-8B,past_recv__part_donor,2,0.0,0.0,1.0,21
meta-llama/Meta-Llama-3-8B,past_recv__part_donor,4,0.0,0.09523809523809523,0.9047619047619048,21
meta-llama/Meta-Llama-3-8B,past_recv__part_donor,6,0.0,0.09523809523809523,0.9047619047619048,21
meta-llama/Meta-Llama-3-8B,past_recv__part_donor,8,0.0,0.14285714285714285,0.8571428571428571,21
meta-llama/Meta-Llama-3-8B,past_recv__part_donor,10,0.0,0.42857142857142855,0.5714285714285714,21
meta-llama/Meta-Llama-3-8B,past_recv__part_donor,12,0.0,0.23809523809523808,0.7619047619047619,21
meta-llama/Meta-Llama-3-8B,past_recv__part_donor,14,0.047619047619047616,0.42857142857142855,0.5238095238095238,21
meta-llama/Meta-Llama-3-8B,past_recv__part_donor,16,1.0,0.0,0.0,21
meta-llama/Meta-Llama-3-8B,past_recv__part_donor,18,1.0,0.0,0.0,21
meta-llama/Meta-Llama-3-8B,past_recv__part_donor,20,1.0,0.0,0.0,21
meta-llama/Meta-Llama-3-8B,past_recv__part_donor,22,1.0,0.0,0.0,21
meta-llama/Meta-Llama-3-8B,past_recv__part_donor,24,1.0,0.0,0.0,21
meta-llama/Meta-Llama-3-8B,past_recv__part_donor,26,1.0,0.0,0.0,21
meta-llama/Meta-Llama-3-8B,past_recv__part_donor,28,1.0,0.0,0.0,21
meta-llama/Meta-Llama-3-8B,past_recv__part_donor,30,1.0,0.0,0.0,21
microsoft/phi-2,cap_recv__lang_donor,0,0.0,0.0,1.0,33
microsoft/phi-2,cap_recv__lang_donor,2,0.0,0.0,1.0,33
microsoft/phi-2,cap_recv__lang_donor,4,0.0,0.0,1.0,33
microsoft/phi-2,cap_recv__lang_donor,6,0.030303030303030304,0.030303030303030304,0.9393939393939394,33
microsoft/phi-2,cap_recv__lang_donor,8,0.09090909090909091,0.12121212121212122,0.7878787878787878,33
microsoft/phi-2,cap_recv__lang_donor,10,0.09090909090909091,0.18181818181818182,0.7272727272727273,33
microsoft/phi-2,cap_recv__lang_donor,12,0.3939393939393939,0.06060606060606061,0.5454545454545454,33
microsoft/phi-2,cap_recv__lang_donor,14,0.6060606060606061,0.0,0.3939393939393939,33
microsoft/phi-2,cap_recv__lang_donor,16,1.0,0.0,0.0,33
microsoft/phi-2,cap_recv__lang_donor,18,1.0,0.0,0.0,33
microsoft/phi-2,cap_recv__lang_donor,20,1.0,0.0,0.0,33
microsoft/phi-2,cap_recv__lang_donor,22,1.0,0.0,0.0,33
microsoft/phi-2,cap_recv__lang_donor,24,0.9090909090909091,0.09090909090909091,0.0,33
microsoft/phi-2,cap_recv__lang_donor,26,0.9090909090909091,0.09090909090909091,0.0,33
microsoft/phi-2,cap_recv__lang_donor,28,0.9090909090909091,0.09090909090909091,0.0,33
microsoft/phi-2,cap_recv__lang_donor,30,0.9090909090909091,0.09090909090909091,0.0,33
microsoft/phi-2,comp_recv__opp_donor,0,0.0,0.0,1.0,12
microsoft/phi-2,comp_recv__opp_donor,2,0.0,0.08333333333333333,0.9166666666666666,12
microsoft/phi-2,comp_recv__opp_donor,4,0.0,0.0,1.0,12
microsoft/phi-2,comp_recv__opp_donor,6,0.0,0.25,0.75,12
microsoft/phi-2,comp_recv__opp_donor,8,0.4166666666666667,0.25,0.3333333333333333,12
microsoft/phi-2,comp_recv__opp_donor,10,0.5,0.3333333333333333,0.16666666666666666,12
microsoft/phi-2,comp_recv__opp_donor,12,0.9166666666666666,0.08333333333333333,0.0,12
microsoft/phi-2,comp_recv__opp_donor,14,0.9166666666666666,0.08333333333333333,0.0,12
microsoft/phi-2,comp_recv__opp_donor,16,0.9166666666666666,0.08333333333333333,0.0,12
microsoft/phi-2,comp_recv__opp_donor,18,0.9166666666666666,0.08333333333333333,0.0,12
microsoft/phi-2,comp_recv__opp_donor,20,0.9166666666666666,0.08333333333333333,0.0,12
microsoft/phi-2,comp_recv__opp_donor,22,0.9166666666666666,0.08333333333333333,0.0,12
microsoft/phi-2,comp_recv__opp_donor,24,0.9166666666666666,0.08333333333333333,0.0,12
microsoft/phi-2,comp_recv__opp_donor,26,1.0,0.0,0.0,12
microsoft/phi-2,comp_recv__opp_donor,28,1.0,0.0,0.0,12
microsoft/phi-2,comp_recv__opp_donor,30,1.0,0.0,0.0,12
microsoft/phi-2,lang_recv__cap_donor,0,0.0,0.0,1.0,33
microsoft/phi-2,lang_recv__cap_donor,2,0.0,0.6363636363636364,0.36363636363636365,33
microsoft/phi-2,lang_recv__cap_donor,4,0.0,0.7878787878787878,0.21212121212121213,33
microsoft/phi-2,lang_recv__cap_donor,6,0.8181818181818182,0.12121212121212122,0.06060606060606061,33
microsoft/phi-2,lang_recv__cap_donor,8,0.9393939393939394,0.06060606060606061,0.0,33
microsoft/phi-2,lang_recv__cap_donor,10,0.9393939393939394,0.06060606060606061,0.0,33
microsoft/phi-2,lang_recv__cap_donor,12,0.9393939393939394,0.06060606060606061,0.0,33
microsoft/phi-2,lang_recv__cap_donor,14,0.9393939393939394,0.06060606060606061,0.0,33
microsoft/phi-2,lang_recv__cap_donor,16,0.9393939393939394,0.06060606060606061,0.0,33
microsoft/phi-2,lang_recv__cap_donor,18,0.9393939393939394,0.06060606060606061,0.0,33
microsoft/phi-2,lang_recv__cap_donor,20,0.9090909090909091,0.09090909090909091,0.0,33
microsoft/phi-2,lang_recv__cap_donor,22,0.8787878787878788,0.12121212121212122,0.0,33
microsoft/phi-2,lang_recv__cap_donor,24,0.8787878787878788,0.12121212121212122,0.0,33
microsoft/phi-2,lang_recv__cap_donor,26,0.8787878787878788,0.12121212121212122,0.0,33
microsoft/phi-2,lang_recv__cap_donor,28,0.8787878787878788,0.12121212121212122,0.0,33
microsoft/phi-2,lang_recv__cap_donor,30,0.8787878787878788,0.12121212121212122,0.0,33
microsoft/phi-2,opp_recv__comp_donor,0,0.0,0.0,1.0,12
microsoft/phi-2,opp_recv__comp_donor,2,0.0,0.0,1.0,12
microsoft/phi-2,opp_recv__comp_donor,4,0.0,0.0,1.0,12
microsoft/phi-2,opp_recv__comp_donor,6,0.0,0.16666666666666666,0.8333333333333334,12
microsoft/phi-2,opp_recv__comp_donor,8,0.0,0.08333333333333333,0.9166666666666666,12
microsoft/phi-2,opp_recv__comp_donor,10,0.0,0.0,1.0,12
microsoft/phi-2,opp_recv__comp_donor,12,0.0,0.0,1.0,12
microsoft/phi-2,opp_recv__comp_donor,14,0.0,0.08333333333333333,0.9166666666666666,12
microsoft/phi-2,opp_recv__comp_donor,16,0.0,0.08333333333333333,0.9166666666666666,12
microsoft/phi-2,opp_recv__comp_donor,18,0.5833333333333334,0.3333333333333333,0.08333333333333333,12
microsoft/phi-2,opp_recv__comp_donor,20,1.0,0.0,0.0,12
microsoft/phi-2,opp_recv__comp_donor,22,1.0,0.0,0.0,12
microsoft/phi-2,opp_recv__comp_donor,24,1.0,0.0,0.0,12
microsoft/phi-2,opp_recv__comp_donor,26,1.0,0.0,0.0,12
microsoft/phi-2,opp_recv__comp_donor,28,1.0,0.0,0.0,12
microsoft/phi-2,opp_recv__comp_donor,30,1.0,0.0,0.0,12
microsoft/phi-2,part_recv__past_donor,0,0.0,0.0,1.0,21
microsoft/phi-2,part_recv__past_donor,2,0.0,0.0,1.0,21
microsoft/phi-2,part_recv__past_donor,4,0.0,0.0,1.0,21
microsoft/phi-2,part_recv__past_donor,6,0.0,0.0,1.0,21
microsoft/phi-2,part_recv__past_donor,8,0.0,0.0,1.0,21
microsoft/phi-2,part_recv__past_donor,10,0.0,0.0,1.0,21
microsoft/phi-2,part_recv__past_donor,12,0.0,0.0,1.0,21
microsoft/phi-2,part_recv__past_donor,14,0.0,0.0,1.0,21
microsoft/phi-2,part_recv__past_donor,16,0.047619047619047616,0.0,0.9523809523809523,21
microsoft/phi-2,part_recv__past_donor,18,0.23809523809523808,0.2857142857142857,0.47619047619047616,21
microsoft/phi-2,part_recv__past_donor,20,0.9523809523809523,0.047619047619047616,0.0,21
microsoft/phi-2,part_recv__past_donor,22,0.9523809523809523,0.047619047619047616,0.0,21
microsoft/phi-2,part_recv__past_donor,24,1.0,0.0,0.0,21
microsoft/phi-2,part_recv__past_donor,26,1.0,0.0,0.0,21
microsoft/phi-2,part_recv__past_donor,28,1.0,0.0,0.0,21
microsoft/phi-2,part_recv__past_donor,30,1.0,0.0,0.0,21
microsoft/phi-2,past_recv__part_donor,0,0.0,0.0,1.0,21
microsoft/phi-2,past_recv__part_donor,2,0.0,0.047619047619047616,0.9523809523809523,21
microsoft/phi-2,past_recv__part_donor,4,0.0,0.047619047619047616,0.9523809523809523,21
microsoft/phi-2,past_recv__part_donor,6,0.0,0.047619047619047616,0.9523809523809523,21
microsoft/phi-2,past_recv__part_donor,8,0.0,0.0,1.0,21
microsoft/phi-2,past_recv__part_donor,10,0.0,0.0,1.0,21
microsoft/phi-2,past_recv__part_donor,12,0.0,0.0,1.0,21
microsoft/phi-2,past_recv__part_donor,14,0.0,0.047619047619047616,0.9523809523809523,21
microsoft/phi-2,past_recv__part_donor,16,0.0,0.0,1.0,21
microsoft/phi-2,past_recv__part_donor,18,0.0,0.0,1.0,21
microsoft/phi-2,past_recv__part_donor,20,1.0,0.0,0.0,21
microsoft/phi-2,past_recv__part_donor,22,1.0,0.0,0.0,21
microsoft/phi-2,past_recv__part_donor,24,1.0,0.0,0.0,21
microsoft/phi-2,past_recv__part_donor,26,1.0,0.0,0.0,21
microsoft/phi-2,past_recv__part_donor,28,1.0,0.0,0.0,21
microsoft/phi-2,past_recv__part_donor,30,1.0,0.0,0.0,21
